6,0,450,150
0,0,100,400
1,1,50,450
1,1,50,400
1,1,50,350
1,1,100,450
1,1,150,450
1,1,200,450
1,1,200,500
1,1,250,500
1,1,300,500
1,1,350,500
1,1,400,500
1,1,450,500
1,1,450,450
4,4,1,400,450
4,4,1,350,450
4,4,1,300,450
4,4,1,250,450
1,1,500,400
1,1,550,350
1,1,600,350
1,1,600,400
1,1,650,400
1,1,700,400
1,1,700,350
4,2,10,650,350
1,1,750,300
1,1,650,200
1,1,550,150
4,2,10,750,550
4,2,10,650,550
4,2,10,700,550
4,2,10,600,550
4,2,10,500,550
4,2,10,550,550
4,2,10,450,550
4,2,10,400,550
4,2,10,350,550
4,2,10,300,550
4,2,10,250,550
4,2,10,200,550
4,2,10,150,550
4,2,10,150,500
4,2,10,100,500
4,2,10,100,550
4,2,10,50,550
4,2,10,50,500
4,2,10,0,500
4,2,10,0,550
4,2,10,500,500
4,2,10,550,500
4,2,10,600,500
4,2,10,650,500
4,2,10,700,500
4,2,10,750,500
1,1,450,250
4,4,1,450,200
1,1,400,150
4,4,1,400,100
