0,0,0,500
4,4,1,300,500
4,4,1,600,500
1,6,750,450
1,6,700,450
1,1,0,550
1,1,50,550
1,1,100,550
1,1,150,550
1,1,200,550
1,1,250,550
1,1,300,550
1,1,350,550
1,1,400,550
1,1,450,550
1,1,500,550
1,1,550,550
1,1,600,550
1,1,650,550
1,1,700,550
1,1,750,550
1,5,0,50
1,5,50,50
1,5,200,50
1,5,250,50
1,5,300,50
1,5,350,50
1,5,400,50
1,5,450,50
1,5,500,50
1,5,550,50
1,5,600,50
1,5,650,50
1,5,700,50
1,5,750,50
1,5,250,0
1,6,350,300
1,6,250,350
1,6,100,350
1,6,0,250
1,6,100,200
1,6,150,150
1,5,300,350
4,4,1,300,300
1,5,500,350
4,4,1,500,300
1,5,200,150
4,4,1,200,100
4,4,1,50,350
1,5,50,400
1,5,0,400
1,5,100,400
4,4,1,0,350
1,5,350,350
1,5,400,350
4,4,1,400,300
1,6,700,250
1,6,750,250
1,6,550,350
6,0,0,0
1,6,500,200
1,5,450,350
4,4,1,450,300
4,2,10,300,0
4,2,10,350,0
4,2,10,400,0
4,2,10,450,0
4,2,10,500,0
4,2,10,550,0
4,2,10,600,0
4,2,10,650,0
1,5,750,0
1,5,700,0
