0,0,0,250,10
6,0,750,250,11
1,5,0,50
1,5,50,50
1,5,0,0
1,5,50,0
1,5,100,0
1,5,150,0
1,5,200,0
1,5,250,0
1,5,300,0
1,5,350,0
1,5,400,0
1,5,450,0
1,5,500,0
1,5,550,0
1,5,600,0
1,5,650,0
1,5,700,0
1,5,750,0
1,5,750,50
1,5,700,50
1,5,650,50
1,5,600,50
1,5,550,50
1,5,500,50
1,5,450,50
1,5,400,50
1,5,350,50
1,5,300,50
1,5,250,50
1,5,200,50
1,5,150,50
1,5,100,50
1,1,0,300
1,1,0,350
1,1,50,350
1,1,750,300
1,1,750,350
1,1,700,350
4,2,10,750,400
4,2,10,0,400
1,5,0,550
1,5,50,550
1,5,0,500
1,5,50,500
1,5,750,550
1,5,750,500
1,5,700,500
1,1,700,400
1,1,700,450
1,1,50,450
1,1,300,100
1,1,300,150
1,1,300,200
1,1,300,250
1,1,350,250
1,1,400,250
1,1,450,250
1,1,450,200
1,1,450,150
1,1,450,100
4,4,1,350,200
4,4,1,400,200
1,5,350,300
1,5,350,350
1,5,350,400
1,5,400,300
1,5,400,350
1,5,400,400
1,5,350,450
1,5,350,500
1,5,400,500
1,5,400,450
4,2,10,100,400
1,1,50,400
4,2,10,150,400
4,2,10,200,400
4,2,10,250,400
4,2,10,300,400
4,2,10,450,400
4,2,10,500,400
4,2,10,550,400
4,2,10,600,400
4,2,10,650,400
1,5,100,550
1,5,150,550
1,5,200,550
1,5,250,550
1,5,300,550
1,5,350,550
1,5,400,550
1,5,450,550
1,5,500,550
1,5,550,550
1,5,600,550
1,5,650,550
1,5,700,550
13,13,150,200
22,22,50,300,Ericia is pretty women/c/nher goldenhair are wonderful./nI understand your motivation./n/n-The Fallen King
