1,5,0,550,5
1,5,50,550,5
1,5,150,550,5
1,5,100,550,5
1,5,200,550,5
1,5,250,550,5
1,5,300,550,5
1,5,350,550,5
1,5,400,550,5
1,5,450,550,5
1,5,500,550,5
1,5,600,550,5
1,5,550,550,5
1,5,700,550,5
1,5,750,550,5
1,5,650,550,5
1,5,0,500,5
1,5,0,450,5
1,5,0,400,5
1,5,0,350,5
1,5,0,300,5
1,5,0,250,5
1,5,0,200,5
1,5,0,150,5
1,5,0,100,5
1,5,0,50,5
1,5,0,0,5
1,5,50,0,5
1,5,100,0,5
1,5,650,0,5
1,5,700,0,5
1,5,750,0,5
1,5,750,50,5
1,5,750,100,5
1,5,750,150,5
1,5,750,200,5
1,5,750,250,5
1,5,750,300,5
1,5,750,350,5
1,5,750,400,5
1,5,750,450,5
1,5,750,500,5
0,0,50,200,14,5
1,5,50,250,5
1,1,150,300,5
1,1,350,350,5
1,1,250,150,5
1,1,500,250,5
1,1,600,150,5
1,5,700,100,5
6,0,700,50,15,5
24,50,500,50,5
24,100,500,50,5
24,150,500,50,5
24,200,500,50,5
24,300,500,50,5
24,350,500,50,5
24,250,500,50,5
24,400,500,50,5
24,450,500,50,5
24,500,500,50,5
24,550,500,50,5
24,600,500,50,5
24,650,500,50,5
24,700,500,50,5
1,5,150,0,5
1,5,200,0,5
1,5,250,0,5
1,5,300,0,5
1,5,400,0,5
1,5,450,0,5
1,5,550,0,5
1,5,600,0,5
1,5,500,0,5
1,5,350,0,5
24,250,50,50,5
24,500,50,50,5
1,6,400,150,5
1,6,650,350,5
1,6,200,400,5
1,6,100,100,5
1,6,500,400,5
