1,5,0,0,5
1,5,0,100,5
1,5,0,50,5
1,5,0,150,5
1,5,0,200,5
1,5,0,250,5
1,5,0,300,5
1,5,0,400,5
1,5,0,350,5
1,5,0,450,5
1,5,0,500,5
1,5,0,550,5
1,5,50,550,5
1,5,100,550,5
1,5,150,550,5
1,5,200,550,5
1,5,300,550,5
1,5,350,550,5
1,5,250,550,5
1,5,400,550,5
1,5,500,550,5
1,5,450,550,5
1,5,550,550,5
1,5,600,550,5
1,5,650,550,5
1,5,700,550,5
1,5,750,550,5
1,5,750,500,5
1,5,750,450,5
1,5,750,400,5
1,5,750,350,5
1,5,750,300,5
1,5,750,250,5
1,5,750,200,5
1,5,750,150,5
1,5,750,100,5
1,5,750,50,5
1,5,750,0,5
1,5,700,0,5
1,5,50,0,5
1,5,100,0,5
1,5,150,0,5
1,5,350,0,5
1,5,650,0,5
1,5,400,0,5
1,5,500,0,5
1,5,450,0,5
1,5,600,0,5
1,5,550,0,5
1,5,200,0,5
1,5,300,0,5
1,5,250,0,5
6,0,700,100,18,5
0,0,50,150,17,5
1,1,200,50,5
1,1,350,50,5
1,1,450,50,5
1,1,450,100,5
1,1,600,50,5
1,1,250,350,5
1,1,500,350,5
1,5,50,400,5
1,5,100,400,5
1,5,150,400,5
1,5,350,400,5
1,5,400,400,5
1,5,300,400,5
24,250,50,50,5
24,250,100,50,5
24,250,150,50,5
24,300,50,50,5
24,300,100,50,5
24,300,150,50,5
24,300,200,50,5
24,300,250,50,5
24,300,300,50,5
24,250,300,50,5
24,250,250,50,5
24,500,50,50,5
24,500,100,50,5
24,500,150,50,5
24,500,200,50,5
24,500,250,50,5
24,500,300,50,5
24,550,300,50,5
24,550,250,50,5
24,550,150,50,5
24,550,100,50,5
24,550,50,50,5
1,1,200,100,5
1,1,350,100,5
1,1,600,100,5
1,1,200,300,5
1,1,200,250,5
1,1,200,200,5
1,1,250,200,5
1,1,200,150,5
1,1,350,150,5
1,1,350,200,5
1,1,350,250,5
1,1,350,300,5
1,1,450,300,5
1,1,450,250,5
1,1,450,200,5
1,1,450,150,5
1,1,600,150,5
1,1,550,200,5
1,1,600,200,5
1,1,600,250,5
1,1,600,300,5
1,1,550,350,5
1,1,300,350,5
1,5,350,350,5
1,6,400,100,5
1,5,350,450,5
1,5,350,500,5
1,6,700,150,5
1,6,700,200,5
1,6,650,200,5
1,6,50,200,5
1,6,100,200,5
1,6,150,200,5
1,6,150,150,5
