1,5,0,100,5
1,5,0,150,5
1,5,0,200,5
1,5,0,0,5
1,5,0,50,5
1,5,50,0,5
1,5,100,0,5
1,5,400,0,5
1,5,650,0,5
1,5,700,0,5
1,5,500,0,5
1,5,350,0,5
1,5,150,0,5
1,5,250,0,5
1,5,450,0,5
1,5,550,0,5
1,5,600,0,5
1,5,300,0,5
1,5,200,0,5
1,5,750,0,5
1,5,0,250,5
1,5,0,300,5
1,5,0,350,5
1,5,0,400,5
1,5,0,450,5
1,5,0,550,5
1,5,0,500,5
1,5,750,550,5
1,5,750,50,5
1,5,750,100,5
1,5,750,150,5
1,5,750,200,5
1,5,750,250,5
1,5,750,300,5
1,5,750,350,5
1,5,750,400,5
1,5,750,450,5
1,5,750,500,5
1,5,50,350,5
0,0,50,300,16,5
1,5,100,350,5
1,5,50,250,5
1,5,100,250,5
1,5,700,250,5
1,5,650,250,5
6,0,700,300,17,5
1,5,150,350,5
1,5,200,350,5
1,5,200,300,5
1,5,200,250,5
1,5,200,200,5
1,5,200,150,5
1,5,150,150,5
1,5,100,150,5
1,5,300,150,5
1,5,300,200,5
1,5,250,300,5
1,5,400,100,5
1,5,450,100,5
1,5,500,200,5
1,5,600,200,5
1,5,650,200,5
1,5,350,150,5
1,5,450,150,5
1,5,450,200,5
1,5,350,300,5
1,5,400,300,5
1,5,450,300,5
1,6,350,200,5
1,6,400,200,5
1,6,400,150,5
1,5,500,300,5
1,5,600,250,5
1,5,550,350,5
1,5,550,400,5
1,5,550,450,5
1,5,600,450,5
1,5,650,450,5
1,5,250,450,5
1,5,200,450,5
1,5,150,450,5
1,5,100,450,5
1,5,350,400,5
1,5,400,400,5
1,5,450,400,5
1,5,500,450,5
1,5,250,500,5
1,5,300,450,5
1,5,600,500,5
1,6,250,350,5
1,5,550,300,5
1,1,50,50,5
1,1,100,50,5
1,1,150,50,5
1,1,200,50,5
1,1,250,50,5
1,1,300,50,5
1,1,550,100,5
1,1,550,50,5
1,1,650,150,5
1,1,350,550,5
1,1,400,550,5
1,1,400,500,5
1,1,450,550,5
1,6,650,350,5
1,6,700,350,5
1,6,650,500,5
4,4,1,550,250,5
1,1,700,150,5
4,4,1,650,100,5
4,4,1,700,100,5
1,1,50,550,5
1,1,100,550,5
1,1,150,550,5
1,1,550,500,5
11,11,700,200,0-3-8/0-3-8/0-3-8
11,11,500,400,18-18-1/34-34-8/34-34-8
22,22,600,150,You are lost again !/cOh, no.../n/n-The Fallen King
22,22,600,400,I make all this tests to select the best heir./n I need a heir.../n/n-The Fallen King
