0,0,350,300,13,5
1,5,0,0,5
1,5,0,50,5
6,0,50,50,14,5
1,5,50,0,5
1,5,100,0,5
1,5,150,0,5
1,5,0,100,5
1,5,300,300,5
1,5,300,350,5
1,5,450,350,5
1,5,350,350,5
1,5,400,350,5
1,5,300,250,5
1,5,350,250,5
1,5,400,250,5
1,5,450,250,5
1,5,200,100,5
1,5,250,100,5
1,5,200,0,5
1,5,250,0,5
1,5,300,0,5
1,5,300,100,5
1,5,350,100,5
1,5,400,100,5
1,5,350,0,5
1,5,500,100,5
1,5,550,100,5
1,5,400,0,5
1,5,450,0,5
1,5,550,0,5
1,5,500,0,5
1,5,600,0,5
1,5,650,0,5
1,5,700,0,5
1,5,750,0,5
1,5,600,100,5
1,5,500,250,5
1,5,600,250,5
1,5,550,250,5
1,5,600,150,5
1,1,650,150,5
24,650,100,50,5
24,700,100,50,5
24,750,100,50,5
1,5,700,150,5
1,5,750,150,5
1,5,600,350,5
1,5,550,350,5
1,5,650,350,5
1,5,700,350,5
1,5,750,300,5
1,5,750,250,5
1,5,750,200,5
1,5,700,300,5
1,5,750,350,5
1,5,750,400,5
1,5,750,450,5
1,5,750,500,5
1,5,750,550,5
1,5,650,550,5
1,5,550,550,5
1,5,550,400,5
1,5,450,400,5
1,5,300,550,5
1,5,150,550,5
1,5,100,550,5
1,5,0,550,5
1,5,300,500,5
1,5,300,450,5
1,5,200,300,5
1,5,250,450,5
1,5,450,500,5
1,5,550,450,5
1,5,650,500,5
1,5,650,450,5
1,5,350,450,5
1,5,250,300,5
1,5,0,300,5
1,5,0,400,5
1,5,200,400,5
1,5,150,400,5
1,5,100,500,5
1,5,0,500,5
1,5,150,500,5
1,5,50,300,5
1,5,100,300,5
1,5,100,250,5
1,5,100,200,5
1,5,50,400,5
1,5,350,200,5
1,5,150,200,5
1,5,200,200,5
1,5,0,250,5
1,5,0,200,5
1,5,0,150,5
1,5,0,350,5
1,5,0,450,5
1,5,450,150,5
1,1,600,50,5
1,1,550,500,5
1,1,450,450,5
1,1,600,300,5
1,1,300,400,5
1,1,150,450,5
1,1,200,250,5
1,1,100,150,5
1,1,450,200,5
1,1,400,50,5
1,1,200,50,5
4,4,1,600,550,5
4,4,1,700,550,5
4,4,1,400,550,5
4,4,1,350,550,5
1,5,500,550,5
1,5,450,550,5
4,4,1,200,550,5
4,4,1,250,550,5
4,4,1,50,550,5
4,4,1,50,250,5
1,5,450,100,5
1,5,100,100,5
1,5,150,100,5
1,5,50,100,5
11,11,250,500,0-13-2
11,11,700,500,0-10-2
11,11,50,350,0-14-8
