6,0,450,150,2
1,1,50,450
1,1,50,400
1,1,50,350
1,1,150,450
4,4,1,400,450
4,4,1,350,450
4,4,1,300,450
4,4,1,250,450
24,150,500,50
24,100,500,50
24,500,500,50
24,550,500,50
24,600,500,50
4,4,1,400,100
24,100,0,50
24,150,0,50
1,5,0,0
1,5,50,0
1,5,50,50
1,5,0,50
24,200,0,50
1,1,250,0
1,1,350,0
1,1,450,0
1,1,650,0
1,1,750,0
1,1,550,0
1,1,200,150
1,1,50,300
1,1,100,200
1,5,500,400
1,5,400,500
1,5,350,500
1,5,300,500
1,5,250,500
1,5,100,450
1,5,50,250
1,5,150,200
1,5,250,100
1,5,300,0
1,5,400,0
1,5,500,0
1,5,600,0
1,5,700,0
0,0,100,400,1
1,5,600,400
1,5,700,400
1,5,600,350
1,5,700,350
1,1,450,500
1,1,200,500
1,5,700,550
1,5,700,500
1,5,750,500
1,5,750,550
1,5,0,550
1,5,0,500
1,5,50,500
1,5,50,550
24,650,400,50
1,5,550,400
1,5,500,450
1,5,550,450
1,5,600,450
1,5,700,450
1,5,450,200
1,6,550,350
1,6,750,300
24,750,400,50
1,1,250,50
1,6,550,150
1,6,650,200
1,5,400,150
1,6,200,450
1,6,450,450
13,13,300,300
13,13,650,100
13,13,150,350
13,13,450,300
13,13,500,100
13,13,300,100
22,22,200,400,Try to jump over the sprikes !/n/nIf you put 3 stones and 2 sticks in a forge/c/nyou could build an axe/n/n-The Fallen King
22,22,550,300,Have you visited the underground ?/nIt's so rich in minerals !/nPerhaps you will find some wealth.../n/n-The Fallen King
24,100,50,50
24,150,50,50
24,200,50,50
24,100,100,50
24,150,100,50
24,200,100,50
24,0,100,50
24,0,150,50
24,0,200,50
24,650,450,50
24,650,500,50
24,650,350,50
24,250,550,50
24,300,550,50
24,350,550,50
24,400,550,50
24,750,350,50
