1,5,0,550,5
1,5,50,550,5
1,5,750,0,5
1,5,650,0,5
1,5,600,0,5
1,5,450,0,5
1,5,100,0,5
1,5,50,0,5
1,5,0,0,5
1,5,150,0,5
1,5,250,0,5
1,5,200,0,5
1,5,300,0,5
1,5,400,0,5
1,5,350,0,5
1,5,500,0,5
1,5,550,0,5
1,5,700,0,5
1,5,0,50,5
1,5,0,100,5
1,5,0,150,5
1,5,0,250,5
1,5,0,200,5
1,5,0,300,5
1,5,0,350,5
1,5,0,400,5
1,5,0,450,5
1,5,0,500,5
6,0,50,500,15,5
1,5,750,100,5
24,150,550,50,5
24,300,550,50,5
24,500,550,50,5
24,600,550,50,5
24,700,550,50,5
1,5,750,150,5
1,5,750,200,5
1,5,750,250,5
1,5,750,300,5
1,5,750,400,5
1,5,750,350,5
1,5,750,450,5
1,5,750,500,5
1,5,750,550,5
1,5,750,50,5
1,5,400,550,5
1,5,400,500,5
1,5,400,450,5
1,5,400,400,5
1,5,400,350,5
1,5,400,300,5
1,5,400,250,5
1,5,400,200,5
1,6,350,150,5
1,6,400,150,5
1,6,450,150,5
24,700,50,50,5
24,650,50,50,5
1,5,700,350,5
1,5,650,350,5
1,5,700,450,5
1,5,650,450,5
6,0,700,400,16,5
1,5,50,350,5
1,5,100,150,5
4,4,1,150,150,5
4,4,1,200,150,5
4,4,1,250,150,5
4,4,1,300,150,5
1,5,150,200,5
1,5,200,200,5
1,5,250,200,5
1,5,300,200,5
1,5,350,200,5
4,4,1,100,350,5
4,4,1,150,350,5
4,4,1,200,350,5
4,4,1,250,350,5
1,5,100,400,5
1,5,150,400,5
1,5,200,400,5
1,5,50,400,5
1,5,250,400,5
1,5,300,400,5
2,3,100,500,250,0
2,3,100,300,150,0
2,3,150,100,150,0
3, 1,0,600,200
3, 1,1,500,300
3, 1,2,550,450
