1,5,0,0,5
1,5,0,50,5
1,5,0,100,5
1,5,0,150,5
1,5,0,250,5
1,5,0,200,5
1,5,0,300,5
1,5,0,350,5
1,5,0,400,5
1,5,0,450,5
1,5,0,500,5
1,5,0,550,5
1,5,50,550,5
1,5,100,550,5
1,5,150,550,5
1,5,200,550,5
1,5,250,550,5
1,5,300,550,5
1,5,350,550,5
1,5,400,550,5
1,5,450,550,5
1,5,550,550,5
1,5,500,550,5
1,5,600,550,5
1,5,650,550,5
1,5,700,550,5
1,5,750,550,5
1,5,750,500,5
1,5,750,450,5
1,5,750,350,5
1,5,750,300,5
1,5,750,400,5
1,5,750,250,5
1,5,750,150,5
1,5,750,50,5
1,5,750,200,5
1,5,750,100,5
1,5,750,0,5
1,5,700,0,5
1,5,650,0,5
1,5,600,0,5
1,5,350,0,5
1,5,150,0,5
1,5,50,0,5
1,5,100,0,5
1,5,200,0,5
1,5,250,0,5
1,5,400,0,5
1,5,450,0,5
1,5,500,0,5
1,5,550,0,5
1,5,300,0,5
1,5,300,450,5
1,5,350,450,5
1,5,400,450,5
1,5,450,450,5
1,5,300,100,5
1,5,350,100,5
1,5,400,100,5
1,5,450,100,5
1,5,500,450,5
1,5,500,100,5
1,5,100,250,5
1,5,100,300,5
1,5,100,200,5
1,5,250,100,5
1,5,200,100,5
1,5,250,450,5
1,5,200,450,5
1,5,150,400,5
1,5,100,350,5
1,5,550,450,5
1,5,650,350,5
1,5,650,300,5
1,5,650,250,5
1,5,650,200,5
1,5,550,100,5
1,5,600,400,5
24,200,50,50,5
24,250,50,50,5
24,300,50,50,5
24,350,50,50,5
24,400,50,50,5
24,450,50,50,5
24,500,50,50,5
24,550,50,50,5
24,600,50,50,5
24,600,100,50,5
24,650,100,50,5
24,650,50,50,5
24,700,50,50,5
24,700,100,50,5
24,650,150,50,5
24,700,150,50,5
24,700,200,50,5
24,700,250,50,5
24,700,300,50,5
24,700,350,50,5
24,700,400,50,5
24,650,400,50,5
24,700,450,50,5
24,650,450,50,5
24,600,450,50,5
24,150,50,50,5
24,100,50,50,5
24,50,50,50,5
24,50,100,50,5
24,100,100,50,5
24,150,100,50,5
24,50,150,50,5
24,100,150,50,5
24,50,200,50,5
24,50,250,50,5
24,50,300,50,5
24,50,350,50,5
24,300,500,50,5
24,350,500,50,5
24,400,500,50,5
24,100,400,50,5
24,150,450,50,5
24,50,400,50,5
24,50,450,50,5
24,100,450,50,5
24,450,500,50,5
24,500,500,50,5
24,250,500,50,5
1,1,150,150,5
1,1,600,150,5
0,0,300,400,19,5
25,200,400

