1,5,0,550
1,5,150,550
1,5,200,550
1,5,250,550
1,5,300,550
1,5,500,550
1,5,550,550
1,5,600,550
1,5,650,550
1,5,700,550
1,5,750,550
0,0,750,500,11
1,1,550,450
1,1,550,400
1,1,600,400
1,6,500,350
1,6,300,350
1,6,250,350
1,6,250,150
1,6,300,150
1,6,500,150
1,6,550,150
1,6,550,200
1,1,600,250
1,1,550,300
1,5,550,350
1,5,550,250
1,1,750,250
1,1,250,450
1,5,250,400
1,5,250,500
1,5,0,500
1,5,0,450
1,5,0,400
1,5,0,350
1,5,200,350
1,5,0,300
1,5,200,300
1,5,100,350
1,5,150,350
1,5,750,150
1,5,700,150
1,5,650,150
1,5,600,150
1,5,600,100
1,5,550,100
1,5,500,100
1,5,450,100
1,5,300,100
1,5,250,100
1,5,0,0
1,5,50,0
1,5,100,0
1,5,150,0
1,5,200,0
1,5,250,0
1,5,300,0
1,5,350,0
1,5,400,0
1,5,450,0
1,5,500,0
1,5,550,0
1,5,600,0
1,5,0,50
1,5,0,100
1,5,0,150
1,5,0,200
1,5,0,250
1,1,50,150
1,1,200,150
1,5,650,0
1,5,700,0
1,5,750,0
1,5,750,50
1,5,750,100
1,1,350,100
1,1,400,100
13,13,650,450
1,1,350,350
1,1,400,350
1,1,450,350
1,1,350,150
1,1,400,150
1,1,450,150
1,1,250,300
1,1,250,200
1,6,250,250
1,6,100,150
1,6,150,150
1,6,550,500
1,6,650,400
1,6,700,400
1,6,750,400
1,5,400,300
1,5,400,250
4,4,1,350,550
4,4,1,400,550
4,4,1,450,550
4,2,10,50,300
4,2,10,100,300
4,2,10,150,300
1,5,50,550
1,5,100,550
1,5,50,350
11,11,50,500,0-11-3
11,11,300,300,0-12-2
22,22,100,500,The content of this chest is mine !/nIt's my wealth !/nI fought all my life for them !/n/n-The Fallen King
22,22,650,100,To be continued.../n/nThank you for playing !/nPlease/c send me your feedback !/n/n-Ptishell (programer)/npierre.surply@gmail.com
