1,5,0,0,5
1,5,0,50,5
1,5,50,0,5
1,5,100,0,5
1,5,150,0,5
1,5,200,0,5
1,5,250,0,5
1,5,300,0,5
1,5,350,0,5
1,5,400,0,5
1,5,450,0,5
1,5,500,0,5
1,5,550,0,5
1,5,650,0,5
1,5,600,0,5
1,5,700,0,5
1,5,750,0,5
1,5,750,50,5
1,5,750,150,5
1,5,750,100,5
1,5,750,200,5
1,5,750,250,5
1,5,750,300,5
1,5,750,350,5
1,5,750,400,5
1,5,750,450,5
1,5,750,500,5
1,5,750,550,5
1,5,700,550,5
1,5,650,550,5
1,5,600,550,5
1,5,500,550,5
1,5,450,550,5
1,5,550,550,5
1,5,400,550,5
1,5,350,550,5
1,5,300,550,5
1,5,200,550,5
1,5,100,550,5
1,5,50,550,5
1,5,0,550,5
1,5,0,500,5
1,5,0,450,5
1,5,0,350,5
1,5,0,200,5
1,5,0,150,5
1,5,0,100,5
1,5,0,250,5
1,5,0,300,5
1,5,0,400,5
1,5,150,550,5
1,5,250,550,5
1,6,50,100,5
0,0,50,50,18,5
1,5,150,50,5
1,5,150,100,5
1,5,150,150,5
1,5,150,200,5
1,5,150,250,5
1,5,150,300,5
1,5,150,350,5
24,100,500,50,5
24,250,500,50,5
1,5,300,450,5
1,5,300,400,5
1,5,300,350,5
1,5,300,300,5
1,5,300,250,5
1,5,300,200,5
1,5,300,150,5
1,5,450,200,5
24,350,500,50,5
24,450,500,50,5
24,550,500,50,5
24,650,500,50,5
24,200,500,50,5
1,5,450,300,5
1,5,450,250,5
1,5,450,150,5
1,5,600,150,5
1,5,650,150,5
1,5,700,150,5
1,1,450,100,5
1,1,450,50,5
1,1,600,100,5
1,1,600,50,5
24,500,50,50,5
24,550,50,50,5
24,550,100,50,5
24,500,100,50,5
24,500,150,50,5
24,550,150,50,5
1,1,550,200,5
1,5,450,350,5
1,5,500,200,5
6,0,700,200,19,5
1,6,650,100,5
1,6,700,100,5
1,6,700,250,5
1,6,650,250,5
24,300,100,50,5
1,5,600,200,5
1,5,600,250,5
1,5,600,300,5
1,5,550,300,5
11,11,700,50,35-35-2
