1,5,750,550,5
0,0,750,500,12,5
1,1,700,550,5
1,5,650,550,5
1,5,550,550,5
1,5,450,550,5
1,1,600,550,5
1,1,500,550,5
6,0,750,50,13,5
1,5,750,0,5
1,5,700,0,5
1,5,650,0,5
1,5,600,0,5
1,5,550,0,5
1,5,400,0,5
1,5,0,0,5
1,5,50,0,5
1,5,100,0,5
1,5,200,0,5
1,5,150,0,5
1,5,250,0,5
1,5,350,0,5
1,5,300,0,5
1,5,450,0,5
1,5,500,0,5
1,6,250,150,5
1,6,450,150,5
1,6,550,150,5
1,6,650,150,5
1,6,750,100,5
1,6,700,100,5
1,5,350,550,5
1,5,250,550,5
1,5,150,550,5
1,5,50,550,5
1,1,0,550,5
1,1,100,550,5
1,1,200,550,5
1,1,300,550,5
1,1,400,550,5
4,4,1,300,150,5
4,4,1,350,150,5
1,5,300,200,5
1,5,350,200,5
1,5,250,200,5
1,5,400,200,5
1,5,250,250,5
1,5,250,300,5
1,5,250,350,5
1,5,300,350,5
1,5,400,350,5
1,5,500,350,5
1,5,600,350,5
1,5,700,350,5
1,1,350,350,5
1,1,450,350,5
1,1,550,350,5
1,1,650,350,5
1,1,750,350,5
1,5,750,250,5
1,5,700,250,5
24,300,300,50,5
24,350,300,50,5
24,400,300,50,5
24,450,300,50,5
24,500,300,50,5
24,550,300,50,5
24,600,300,50,5
24,650,300,50,5
24,700,300,50,5
24,750,300,50,5
1,6,200,350,5
1,6,150,350,5
1,6,50,500,5
1,6,0,500,5
1,6,0,450,5
1,5,100,350,5
1,5,100,150,5
1,5,50,150,5
1,5,0,150,5
1,1,150,300,5
1,1,200,300,5
1,1,200,250,5
4,4,1,450,500,5
4,4,1,500,500,5
4,4,1,0,100,5
4,4,1,50,100,5
1,6,250,400,5
1,6,250,450,5
1,6,250,500,5
1,6,500,150,5
1,6,400,150,5
1,6,600,150,5
1,6,700,150,5
1,6,750,150,5
11,11,750,250,0-11-3
22,22,350,500, I'm very old/c I'm dying.../nI am becoming so weak./nMy tower can't live without a king.../n/n-The Fallen King
