0,0,0,0,3
1,5,350,100
1,5,400,100
1,5,450,100
1,5,300,100
4,4,1,350,50
4,4,1,400,50
4,4,1,450,50
1,5,500,100
1,1,750,250
1,1,700,300
1,1,650,350
1,5,600,400
1,5,550,400
1,5,500,400
1,5,450,400
1,5,400,400
1,5,350,400
1,5,300,400
1,5,250,400
1,5,200,400
1,5,150,400
1,5,100,400
1,5,100,350
1,5,100,300
1,5,100,250
4,2,10,150,350
4,2,10,200,350
4,2,10,250,350
4,2,10,300,350
4,2,10,350,350
4,2,10,400,350
4,2,10,450,350
4,2,10,500,350
4,2,10,550,350
4,2,10,600,350
1,6,550,250
1,5,400,300
1,5,350,300
1,6,200,250
1,5,100,200
4,4,1,0,550
1,1,250,550
4,4,1,300,550
4,4,1,400,550
1,1,450,550
1,1,350,550
1,1,150,550
4,4,1,200,550
1,1,500,550
1,1,550,550
1,1,600,550
4,4,1,700,550
4,4,1,300,50
4,4,1,250,50
1,5,250,100
1,5,200,100
1,1,650,550
6,0,750,450,4
1,5,750,500
1,5,750,550
1,5,0,50
1,6,50,50
1,6,100,50
1,6,150,50
1,6,200,50
1,6,500,50
1,6,550,50
1,6,600,100
1,6,650,100
