24,300,450,50
24,250,450,50
24,300,0,50
24,250,0,50
1,5,250,400
1,5,300,400
1,5,250,250
1,5,300,250
0,0,0,50,4
1,1,0,100
4,4,1,0,550
4,4,1,50,550
4,4,1,100,550
4,4,1,150,550
1,5,50,300
4,4,1,50,250
1,5,100,500
4,4,1,100,450
24,0,150,50
1,1,0,500
1,1,50,500
24,50,350,50
4,4,1,450,550
4,4,1,500,550
4,4,1,550,550
4,4,1,600,550
4,4,1,650,550
4,4,1,700,550
1,5,450,200
1,5,400,450
1,5,450,450
4,4,1,450,400
4,4,1,400,400
1,5,350,400
4,4,1,450,150
6,0,750,500,5
24,350,0,50
2,3,600,100,0,300
1,5,650,350
4,4,1,650,300
1,5,350,200
1,5,750,550
1,6,100,50
1,6,150,500
1,6,500,400
1,6,650,150
1,6,700,150
1,6,750,150
13,13,700,50
1,1,350,250
1,1,350,300
1,1,350,350
1,1,300,350
1,1,300,300
1,1,250,300
1,1,250,350
22,22,750,100,Do you find it easier to climb a ladder ?/nPut 5 sticks in the workbench./n/n-The Fallen King
1,5,200,200
1,5,400,150
1,5,400,200
24,350,450,50
1,5,200,150
1,5,200,100
1,5,400,100
1,5,200,450
1,5,200,500
24,250,200,50
24,300,200,50
24,250,150,50
24,300,150,50
24,350,150,50
1,5,400,500
1,5,400,550
1,5,200,550
24,250,500,50
24,300,500,50
24,350,500,50
24,250,550,50
24,300,550,50
24,350,550,50
