1,5,0,50
1,5,50,50
1,1,650,150
1,1,600,150
1,1,550,150
1,1,500,150
1,1,650,100
1,1,450,150
1,1,400,150
1,1,350,150
1,1,300,150
1,1,250,150
1,1,200,150
1,1,150,150
1,1,100,150
1,1,50,150
1,1,0,150
1,1,0,100
1,1,50,100
4,4,1,600,100
4,4,1,550,100
4,4,1,500,100
4,4,1,450,100
4,4,1,350,100
4,4,1,300,100
4,4,1,200,100
4,4,1,150,100
4,4,1,100,100
4,4,1,250,100
4,4,1,400,100
1,1,0,550
1,1,50,550
1,1,100,550
1,1,150,550
1,1,200,550
1,1,250,550
1,1,300,550
1,1,350,550
1,1,400,550
1,1,450,550
1,1,500,550
1,1,550,550
1,1,600,550
1,1,650,550
1,1,700,550
1,1,750,550
6,0,0,500
0,0,0,0
1,5,100,500
1,5,150,500
1,5,200,500
1,5,250,500
1,5,300,500
1,5,350,500
1,5,400,500
1,5,450,500
1,5,500,500
1,5,550,500
1,5,600,500
1,5,650,500
1,5,700,500
1,5,750,500
1,5,100,450
4,2,10,150,450
4,2,10,200,450
4,2,10,250,450
4,2,10,300,450
4,2,10,350,450
4,2,10,450,450
4,2,10,500,450
4,2,10,550,450
4,2,10,600,450
4,2,10,650,450
4,2,10,700,450
4,2,10,750,450
1,1,400,450
1,1,400,400
1,1,0,350
4,2,10,0,300
4,2,10,0,250
4,2,10,0,200
4,4,1,400,350
2,3,150,400,600,0
2,3,100,50,500,0
1,1,500,300
