1,6,0,550
1,6,50,550
1,6,100,550
4,2,10,200,550
4,2,10,250,550
4,2,10,300,550
4,2,10,350,550
4,2,10,400,550
4,2,10,450,550
4,2,10,500,550
4,2,10,550,550
4,2,10,600,550
4,2,10,650,550
4,2,10,700,550
4,2,10,750,550
0,0,0,500,7
3, 1,0,200,500
3, 1,1,250,500
3, 1,2,300,500
3, 1,3,350,500
3, 1,4,400,500
3, 1,5,450,500
3, 1,7,500,450
3, 1,8,600,400
3, 1,9,700,350
3, 1,10,750,300
3, 1,11,650,200
4,4,1,350,200
1,5,450,250
1,5,400,250
1,5,350,250
3, 1,0,250,200
3, 1,1,200,200
3, 1,2,150,200
3, 1,3,50,100
3, 1,4,0,100
6,0,0,50,8
1,5,750,0
1,5,700,0
1,5,650,0
1,5,600,0
1,5,550,0
1,5,500,0
1,5,450,0
1,5,400,0
1,5,300,250
1,5,200,300
1,5,150,300
1,5,100,300
1,5,50,300
1,5,0,300
4,2,10,200,250
4,2,10,150,250
4,2,10,100,250
4,2,10,50,250
4,2,10,0,250
1,5,250,300
4,2,10,250,250
3, 1,0,600,150
3, 1,1,550,150
3, 1,3,500,150
1,5,300,200
1,5,150,550
13,13,350,350
13,13,700,100
13,13,150,50
22,22,100,500,Warning ! /nLook at this blocks/c I build them myself !/nHow many time can you stay on this blocks ?/n/n-The Fallen King
