0,0,0,250,8
1,5,250,250
4,4,1,250,200
1,5,750,350
1,5,700,350
4,4,1,750,300
4,2,10,650,550
4,2,10,600,550
4,2,10,550,550
4,2,10,500,550
4,2,10,450,550
4,2,10,400,550
4,2,10,350,550
4,2,10,300,550
4,2,10,250,550
4,2,10,200,550
4,2,10,150,550
4,2,10,100,550
4,2,10,100,500
4,2,10,150,500
4,2,10,600,500
4,2,10,650,500
4,2,10,750,450
4,2,10,750,400
4,2,10,700,400
4,2,10,700,450
4,2,10,650,400
4,2,10,600,400
4,2,10,650,450
4,2,10,0,350
4,2,10,0,400
4,2,10,50,400
4,2,10,50,450
4,2,10,0,450
1,5,700,50
1,5,50,50
4,2,10,0,100
4,2,10,0,150
1,5,50,100
1,5,50,150
1,5,0,200
1,5,100,150
4,4,1,100,100
4,4,1,100,350
4,4,1,550,450
4,4,1,250,450
6,0,200,150,9
1,5,300,250
4,4,1,300,200
1,5,0,550
1,5,50,550
1,5,50,500
1,5,0,500
1,5,0,50
1,5,0,0
1,5,700,0
1,5,750,0
1,5,750,50
1,5,750,550
1,5,700,550
1,5,700,500
1,5,750,500
1,1,650,350
1,1,600,350
4,4,1,300,450
1,5,250,500
1,5,300,500
1,5,500,500
1,5,550,500
1,5,600,450
1,5,100,400
1,5,50,350
4,2,10,100,450
4,4,1,400,450
1,5,400,0
1,5,450,0
1,5,500,0
1,5,550,0
1,5,600,0
1,5,50,0
1,5,100,0
1,5,150,0
1,5,200,0
1,5,250,0
1,5,300,0
1,5,350,0
1,5,650,0
4,4,1,450,450
1,5,450,500
1,5,400,500
1,5,350,500
1,5,200,500
1,6,350,200
1,6,500,150
1,6,450,150
1,6,600,200
1,6,750,250
1,5,200,200
1,6,350,450
1,6,200,450
1,6,500,450
1,5,0,300
1,6,50,300
