1,1,400,350
1,1,200,350
1,1,600,450
1,1,300,450
1,1,50,250
0,0,0,200,9
6,0,750,250,10
4,4,1,300,150
4,4,1,600,400
4,2,10,400,400
4,2,10,400,450
4,2,10,400,500
4,2,10,400,550
4,2,10,300,500
4,2,10,300,550
4,2,10,350,550
4,2,10,250,550
4,2,10,450,550
4,2,10,600,500
4,2,10,600,550
4,2,10,550,550
4,2,10,650,550
4,2,10,750,450
4,2,10,200,400
4,2,10,200,450
4,2,10,200,500
4,2,10,200,550
4,2,10,150,550
1,1,750,400
1,1,450,400
1,1,500,400
1,1,550,350
1,1,600,350
4,4,1,550,300
4,4,1,600,300
4,4,1,500,350
4,4,1,450,350
4,4,1,100,250
1,1,100,300
1,1,50,300
1,1,0,300
4,2,10,50,350
4,2,10,50,400
4,2,10,50,450
4,2,10,100,550
4,2,10,100,350
4,2,10,100,400
4,2,10,100,450
4,2,10,100,500
4,2,10,0,450
4,2,10,0,400
4,2,10,0,350
4,2,10,450,450
4,2,10,500,450
4,2,10,500,500
4,2,10,450,500
4,2,10,500,550
4,2,10,550,400
4,2,10,550,450
4,2,10,550,500
4,2,10,150,400
4,2,10,150,450
4,2,10,150,500
4,2,10,150,350
1,5,750,0
1,5,50,0
1,5,0,0
1,5,0,550
1,5,0,500
1,5,50,500
1,5,50,550
1,5,750,550
1,5,750,500
1,5,700,550
1,5,700,500
1,5,700,0
1,5,700,50
1,5,750,50
1,5,0,50
1,5,50,50
1,5,750,300
1,5,750,350
1,5,100,0
1,5,150,0
1,5,200,0
1,5,250,0
1,5,300,0
1,5,350,0
1,5,400,0
1,5,450,0
1,5,500,0
1,5,550,0
1,5,600,0
1,5,650,0
1,6,500,100
1,6,150,150
1,5,0,250
1,6,300,200
1,6,350,150
1,6,550,250
1,6,500,300
1,6,450,300
